4.045604970413849699e-01
1.410473294792085330e-01
3.625139900464584009e-01
2.341297755636865541e-01
6.800555472301945958e-02
2.036046728995221083e-03
1.065791888193864988e-03
6.852534778035398455e-01
1.000000000000000000e+00
7.500080324444360902e-02
7.964626298014781947e-03
1.000000000000000000e+00
8.752937234555413851e-03
2.087067681072585223e-01
1.000000000000000000e+00
-3.598326170429102522e-01
-1.444143069475707086e-01
1.000000000000000000e+00
3.564649710631895285e-02
1.143891858684381868e-01
-2.298603047144977263e-01
1.000000000000000000e+00
-7.224823238671823633e-01
1.000000000000000000e+00
-8.299755830247832478e-01
1.000000000000000000e+00
-1.000000000000000000e+00
-1.000000000000000000e+00
-6.522920942397676669e-02
-1.000000000000000000e+00
1.000000000000000000e+00
1.000000000000000000e+00
1.137389662480620539e-01
1.000000000000000000e+00
-1.000000000000000000e+00
-1.103557495512685338e-01
4.155577339937142067e-01
7.093091789516052514e-02
-4.651598857948532895e-01
-2.343216488180884238e-01
1.000000000000000000e+00
-5.078922244107105799e-01
-1.730646081350055709e-01
6.624703223239649663e-01
1.397006244571380451e-01
-1.000000000000000000e+00
-5.439592371346541229e-03
-2.014305873875931185e-01
-1.992132742671245960e-01
-1.216788768093658435e-01
1.782754996491974220e-01
5.199064692515648067e-02
-1.000000000000000000e+00
-1.000000000000000000e+00
5.539058593979664241e-02
1.698065929085766368e-01
1.734576777977097362e-01
5.082477629252395851e-02
-1.000000000000000000e+00
1.876370822213687187e-02
1.721313150781868528e-01
4.855569180580032729e-02
1.746806183497208176e-01
1.743745157183569372e-01
6.251379956366037716e-02
-1.000000000000000000e+00
1.850838237411889242e-01
-1.000000000000000000e+00
-1.000000000000000000e+00
7.031740568341013353e-02
6.043799659434074406e-02
4.131066348558434798e-01
8.542156957552787810e-01
1.261506405310887091e-01
1.339817382657857159e-01
1.220487196542598546e-01
1.204534179782085490e-01
-1.000000000000000000e+00
-1.000000000000000000e+00
-1.000000000000000000e+00
-1.000000000000000000e+00
-3.220855771543804646e-01
-3.254454708982939537e-01
-1.000000000000000000e+00
-3.217314227630201917e-01
-1.000000000000000000e+00
-1.000000000000000000e+00
-1.000000000000000000e+00
-1.000000000000000000e+00
-1.000000000000000000e+00
-1.000000000000000000e+00
-3.208537955877605596e-01
-1.000000000000000000e+00
-1.000000000000000000e+00
-1.000000000000000000e+00
-1.000000000000000000e+00
-3.220337156889972463e-01
-3.232766968098321758e-01
-1.000000000000000000e+00
-1.000000000000000000e+00
-1.000000000000000000e+00
-1.000000000000000000e+00
-1.000000000000000000e+00
-1.000000000000000000e+00
-2.778270913211323689e-01
-1.000000000000000000e+00
-1.000000000000000000e+00
1.145478814621190555e-01
1.146332600082453357e-01
6.767529545063968865e-02
7.056394323691701775e-02
-4.143818069045395180e-01
-4.648582032292901678e-01
1.000000000000000000e+00
-3.530273670903107397e-01
-4.632489099267881882e-01
-4.628812941522893465e-01
-4.173739251603554301e-01
-3.758951242010348248e-01
-3.594526630211001827e-01
1.000000000000000000e+00
1.000000000000000000e+00
-4.240064073069695350e-01
-3.782473381231742926e-01
-3.776268598056286563e-01
-3.595627498627745888e-01
1.000000000000000000e+00
-4.227887842547903841e-01
-3.776666564316493169e-01
-2.908187106950482215e-01
-4.245931101959882770e-01
-4.256579697371155047e-01
-7.563756991194714452e-01
1.000000000000000000e+00
-7.628763964372704542e-01
1.000000000000000000e+00
1.000000000000000000e+00
-4.271013743408592633e-01
-3.547313072781071441e-01
-3.366428531888603914e-01
-2.155932802281480543e-01
1.356275326001384340e-01
-8.150278080870007602e-02
1.000000000000000000e+00
-1.647131706856729827e-01
1.458815155346764592e-01
-1.465002534236770626e-01
1.000000000000000000e+00
1.900283702870294855e-01
-2.100952520417627700e-01
1.000000000000000000e+00
-2.056361030965578318e-01
1.921450429907569646e-01
1.985359122862218884e-01
1.145140622619652965e-01
1.000000000000000000e+00
