4.045604970413849699e-01
1.410473294792085330e-01
3.625139900464584009e-01
2.341297755636865541e-01
6.800555472301945958e-02
2.036046728995221083e-03
1.065791888193864988e-03
6.852534778035398455e-01
1.000000000000000000e+00
7.318547928863863294e-01
8.619568677989046801e-01
1.000000000000000000e+00
9.262895734763160194e-01
5.591653767480248005e-01
1.000000000000000000e+00
6.880179313608689728e-01
4.610949184424937286e-01
1.000000000000000000e+00
4.503816552029298870e-01
2.028417550008272396e-01
5.787084813854310728e-01
1.000000000000000000e+00
6.345371732758406935e-01
1.000000000000000000e+00
5.724401618302026318e-01
1.000000000000000000e+00
-1.000000000000000000e+00
-1.000000000000000000e+00
-6.822423908347521326e-01
-2.899688288943096937e-01
1.000000000000000000e+00
1.000000000000000000e+00
5.207876551444452495e-01
1.000000000000000000e+00
-1.000000000000000000e+00
-3.975542661671671030e-01
4.769365681892658859e-01
-5.708118471280152484e-01
4.652623897330150915e-01
-8.186006314882597612e-02
1.000000000000000000e+00
-4.676831967362311132e-02
2.297954956822519934e-01
8.183421987605108416e-01
6.113944482269014769e-01
-1.000000000000000000e+00
1.378824215780893869e-02
2.802282777997260332e-01
2.808847328766710949e-01
-4.613301255255676525e-02
5.810164850584815799e-01
-1.243573258895646905e-01
-1.000000000000000000e+00
-1.000000000000000000e+00
1.143022688667292841e-01
5.812681802455379465e-01
5.930039167647416232e-01
1.113805320746620864e-01
-1.000000000000000000e+00
2.498684401510348208e-01
5.837621550084742816e-01
-2.476346880802510197e-02
5.815119258926685353e-01
5.888176780485362416e-01
4.883045250685649763e-02
-1.000000000000000000e+00
1.000000000000000000e+00
-1.000000000000000000e+00
-1.000000000000000000e+00
-8.863353935552542584e-02
-1.146970283413992625e-01
4.913354330733858411e-01
6.379647124061132990e-01
4.080924311286354134e-01
4.175518667829914432e-01
3.842388800288517592e-01
3.197767127410063859e-01
-1.000000000000000000e+00
-1.000000000000000000e+00
-1.000000000000000000e+00
-1.000000000000000000e+00
-5.678432251849534484e-01
-5.293856940243102382e-01
-1.000000000000000000e+00
-4.118584721979249852e-01
-1.000000000000000000e+00
-1.000000000000000000e+00
-1.000000000000000000e+00
-1.000000000000000000e+00
-1.000000000000000000e+00
-1.000000000000000000e+00
-5.122628016236374648e-01
-1.000000000000000000e+00
-1.000000000000000000e+00
-1.000000000000000000e+00
-1.000000000000000000e+00
-5.681533471727366891e-01
-6.265989928382730278e-01
-1.000000000000000000e+00
-1.000000000000000000e+00
-1.000000000000000000e+00
-1.000000000000000000e+00
-1.000000000000000000e+00
-1.000000000000000000e+00
-1.000000000000000000e+00
-1.000000000000000000e+00
-1.000000000000000000e+00
2.398396238232040900e-01
2.652724337725337334e-01
1.429539723423218223e-01
6.761387379453760726e-02
-1.807225503759140040e-01
-2.004747429145435911e-01
1.000000000000000000e+00
-1.665198984213997480e-01
-1.796339512647087966e-01
-1.798360198498093754e-01
-1.740848014321153270e-01
-1.755149518750004356e-02
-1.998042460439095058e-02
1.000000000000000000e+00
1.000000000000000000e+00
-3.145829106758991633e-01
-2.417965043757246829e-02
-2.363833487767567215e-02
-2.292958696900789656e-02
1.000000000000000000e+00
-2.311955151773651407e-01
-2.291978315545169925e-02
-1.988975250784324328e-02
-3.942671087083868264e-02
-2.592277092104766992e-02
-3.923481130012930196e-01
1.000000000000000000e+00
-6.565784953581997874e-01
1.000000000000000000e+00
1.000000000000000000e+00
-1.773884294952203511e-01
-2.122807169261860250e-02
-4.163438033619302342e-02
1.073186742001564636e-01
9.779611165867669875e-01
1.016061216019670949e-01
1.000000000000000000e+00
1.409478665635079397e-01
3.589954522161785677e-01
1.521833774578532084e-01
1.000000000000000000e+00
2.653444423612223990e-01
6.564587248134896580e-01
1.000000000000000000e+00
3.414468009942810411e-01
8.248438825899684357e-01
6.781233584401797909e-01
2.675236620642276741e-01
1.000000000000000000e+00
